Correlation Matrix:

             x0        x1        x2        x3        x4        x5        x6        x7  ...      x994      x995      x996      x997      x998      x999     x1000         y
x0     1.000000 -0.040796 -0.046299 -0.050678  0.017510  0.101964 -0.007549  0.012607  ... -0.005811 -0.042312 -0.007249  0.057110  0.007350  0.029204 -0.034014 -0.052356
x1    -0.040796  1.000000 -0.009084 -0.017144 -0.036981 -0.096843 -0.022505  0.024784  ... -0.006382 -0.046915  0.050027 -0.011672  0.075135  0.032272  0.077766  0.006096
x2    -0.046299 -0.009084  1.000000 -0.048041 -0.006567  0.053486  0.007691  0.014976  ...  0.095800  0.035634 -0.001596 -0.024154  0.006628  0.030353 -0.000367  0.079405
x3    -0.050678 -0.017144 -0.048041  1.000000  0.045538  0.004671 -0.025136  0.027830  ...  0.076970 -0.040787 -0.087092  0.014636  0.028407 -0.007918 -0.024238 -0.022916
x4     0.017510 -0.036981 -0.006567  0.045538  1.000000  0.008074  0.043232 -0.015206  ...  0.051840  0.010272  0.024567  0.002342 -0.049912 -0.076827  0.013874 -0.018079
...         ...       ...       ...       ...       ...       ...       ...       ...  ...       ...       ...       ...       ...       ...       ...       ...       ...
x997   0.057110 -0.011672 -0.024154  0.014636  0.002342 -0.021929 -0.020411 -0.053404  ...  0.087868 -0.021632 -0.016204  1.000000  0.022297  0.025526  0.061049  0.021776
x998   0.007350  0.075135  0.006628  0.028407 -0.049912  0.034165  0.024953 -0.003098  ...  0.036561 -0.064058  0.016596  0.022297  1.000000 -0.007599 -0.028484  0.026914
x999   0.029204  0.032272  0.030353 -0.007918 -0.076827 -0.043606  0.002310  0.002655  ... -0.056291  0.002347 -0.002578  0.025526 -0.007599  1.000000  0.020165  0.048909
x1000 -0.034014  0.077766 -0.000367 -0.024238  0.013874  0.008406 -0.088203  0.100683  ... -0.055837  0.066812 -0.042288  0.061049 -0.028484  0.020165  1.000000 -0.030419
y     -0.052356  0.006096  0.079405 -0.022916 -0.018079 -0.040759  0.000323  0.034571  ... -0.028530  0.033070 -0.037777  0.021776  0.026914  0.048909 -0.030419  1.000000

genexpress_predict:

Head:               x0           x1          x2         x3         x4          x5          x6  ...        x995          x996          x997       x998        x999      x1000           y
0  105641.205692   420.717074  372.704512  20.098777  15.918625  -87.431781  239.181052  ... -229.962434  -5931.317573  12059.078874  91.310064  149.539639  21.571842   19.220505
1   23979.154939   -36.551220  508.462823  19.963592  15.431920   32.264376   87.124170  ... -157.228606  14019.859371  -1625.978839  79.661956  151.617384  19.612784  869.605545
2   58621.182299  1203.290304  -21.960801  20.424596  20.210945  104.879434  -14.273102  ...  251.290780   3070.950617   3205.316493  38.055792  162.735905  21.502878  377.220936
3  134191.642515  -255.848814  190.657814  19.495905  17.480405  -41.349825   40.063522  ... -106.221145   5593.407535   -265.093421  57.363456  158.541594  20.970530 -956.473428
4  111838.517301  -380.025906  240.416437  19.189721  19.865868   -9.269352 -176.988629  ...  -87.855070   6239.974091   4905.514042  31.185651  141.168589  20.128882   34.285491

[5 rows x 1002 columns]

Tail:                x0           x1          x2         x3         x4          x5          x6  ...        x995          x996          x997       x998        x999      x1000           y
495  -4406.090408   453.767832  680.354605  20.183288  22.775765  114.519199   34.356445  ...   12.329210   2902.927051 -20370.426914  55.055186  158.928588  19.018749 -564.357741
496 -39410.208125  -216.570809   51.874024  21.487060  21.678045  -48.545964 -175.858881  ...  -91.716542 -22025.314053 -41708.793398  39.903759  152.660651  19.087239   68.630182
497 -30769.231815   104.294400   48.849532  20.243971  23.174560   -9.504914  177.553619  ...  165.930727  14086.692199  25952.449371  91.999792  144.861246  21.767020  -33.827958
498 -60934.297976 -1257.508215 -287.024952  18.943636  21.911180  -65.201117   18.843105  ...  -90.510231   2526.147369  -1998.256167  58.211087  143.908647  18.455205   65.532406
499  -4641.401153  -391.719770  102.331283  18.774567  17.437475   -3.400530    9.267621  ...   21.324979 -21688.226147  43094.313405  54.683415  141.179617  21.215259  360.660484

[5 rows x 1002 columns]

Linear RMSE: 1184.348455811291.
Lasso RMSE: 461.77611144203087.
Ridge RMSE: 1184.3481831115823.